0 20 [] 3 40 40
0 20 [3:5;7:9;12:15;18:19] 1 60 40
0 10 [2:3;5:7;8:9] 3 20 20
1 10 [] 4 70 70
2 25 [5:7;15:20] 1 70 50 
3 30 [10:15;20:25] 2 80 80
3 40 [5:8;14:16;25:28;34:36] 5 100 100
3 20 [2:3;8:9] 3 60 50
4 6 [3:4] 1 20 10
4 8 [] 4 15 15
4 6 [] 5 30 30
4 8 [5:7] 1 32 24
5 10 [3:4] 2 30 20
5 5 [2:3] 1 10 10
6 100 [5:8;14:16;25:28;34:36;55:60;70:74;80:82;90:95] 5 200 200
6 20 [2:3;5:6;8:9] 3 60 50
6 25 [10:15;20:22] 4 80 80
6 30 [3:5;7:9;12:15;18:19] 1 60 40
7 10 [] 4 30 30
7 60 [14:16;25:27;34:36;55:68] 5 240 200
8 2 [] 4 10 10
9 5 [2:3] 1 15 10
10 2 [] 1 10 10
25 25 [5:7;15:20] 1 70 50 
30 30 [10:15;20:25] 2 80 80
30 40 [5:8;14:16;25:28;34:36] 5 100 100
35 10 [3:4] 2 30 20
36 30 [3:5;7:9;12:15;18:19] 1 60 40
37 10 [] 4 30 30
55 5 [2:3] 1 10 10
58 2 [] 4 10 10
59 5 [2:3] 1 15 10
60 10 [2:3;5:7;8:9] 3 20 20